# l    n         freq
 0    05       5.9931
 0    06       7.0558
 0    07       8.1015
 0    08       9.1570
 0    09      10.2024
 0    10      11.2481
 0    11      12.2746
 0    12      13.2761
 0    13      14.2563
 0    14      15.2359
 0    15      16.2296
 0    16      17.2289
 0    17      18.2251
 0    18      19.2095
 0    19      20.1933
 0    20      21.1823
 0    21      22.1836
 0    22      23.1890
 0    23      24.1970
 0    24      25.2020
 0    25      26.2072
 0    26      27.2124
 0    27      28.2207
 0    28      29.2314
 0    29      30.2433
 0    30      31.2556
 1    05       6.5262
 1    06       7.5701
 1    07       8.6123
 1    08       9.6572
 1    09      10.6961
 1    10      11.7329
 1    11      12.7431
 1    12      13.7333
 1    13      14.7073
 1    14      15.6940
 1    15      16.6901
 1    16      17.6903
 1    17      18.6801
 1    18      19.6638
 1    19      20.6489
 1    20      21.6445
 1    21      22.6488
 1    22      23.6562
 1    23      24.6637
 1    24      25.6686
 1    25      26.6745
 1    26      27.6809
 1    27      28.6914
 1    28      29.7029
 1    29      30.7161
 1    30      31.7280
 2    05       6.9649
 2    06       8.0062
 2    07       9.0552
 2    08      10.0958
 2    09      11.1367
 2    10      12.1629
 2    11      13.1639
 2    12      14.1448
 2    13      15.1218
 2    14      16.1141
 2    15      17.1130
 2    16      18.1112
 2    17      19.0971
 2    18      20.0819
 2    19      21.0710
 2    20      22.0728
 2    21      23.0795
 2    22      24.0892
 2    23      25.0963
 2    24      26.1030
 2    25      27.1099
 2    26      28.1194
 2    27      29.1319
 2    28      30.1453
 2    29      31.1595
 2    30      32.1719
