0.000000000000000000e+00 5.000000000000000000e+00 6.143611350447777397e+00
0.000000000000000000e+00 6.000000000000000000e+00 7.237891481951496786e+00
0.000000000000000000e+00 7.000000000000000000e+00 8.315382957916440887e+00
0.000000000000000000e+00 8.000000000000000000e+00 9.383248262805398809e+00
0.000000000000000000e+00 9.000000000000000000e+00 1.044485147881380449e+01
0.000000000000000000e+00 1.000000000000000000e+01 1.149810592248955388e+01
0.000000000000000000e+00 1.100000000000000000e+01 1.253755796282377588e+01
0.000000000000000000e+00 1.200000000000000000e+01 1.355931888568998644e+01
0.000000000000000000e+00 1.300000000000000000e+01 1.456628654307170301e+01
0.000000000000000000e+00 1.400000000000000000e+01 1.556762531603304289e+01
0.000000000000000000e+00 1.500000000000000000e+01 1.657038352800794812e+01
0.000000000000000000e+00 1.600000000000000000e+01 1.757354664282887313e+01
0.000000000000000000e+00 1.700000000000000000e+01 1.857095708541931955e+01
0.000000000000000000e+00 1.800000000000000000e+01 1.955782740189747315e+01
0.000000000000000000e+00 1.900000000000000000e+01 2.053527547693481026e+01
0.000000000000000000e+00 2.000000000000000000e+01 2.150931753875974906e+01
0.000000000000000000e+00 2.100000000000000000e+01 2.248492553055654497e+01
0.000000000000000000e+00 2.200000000000000000e+01 2.346223939540176318e+01
0.000000000000000000e+00 2.300000000000000000e+01 2.443850551415371797e+01
0.000000000000000000e+00 2.400000000000000000e+01 2.541193980656386131e+01
0.000000000000000000e+00 2.500000000000000000e+01 2.638350087983696568e+01
0.000000000000000000e+00 2.600000000000000000e+01 2.735562498557793276e+01
0.000000000000000000e+00 2.700000000000000000e+01 2.832987789529981626e+01
0.000000000000000000e+00 2.800000000000000000e+01 2.930617046276326576e+01
0.000000000000000000e+00 2.900000000000000000e+01 3.028377867533753687e+01
0.000000000000000000e+00 3.000000000000000000e+01 3.126248086445370689e+01
0.000000000000000000e+00 3.100000000000000000e+01 3.224266987696559994e+01
0.000000000000000000e+00 3.200000000000000000e+01 3.322473453816809297e+01
0.000000000000000000e+00 3.300000000000000000e+01 3.420862995679230778e+01
0.000000000000000000e+00 3.400000000000000000e+01 3.519403063912168506e+01
0.000000000000000000e+00 3.500000000000000000e+01 3.618071229036725356e+01
0.000000000000000000e+00 3.600000000000000000e+01 3.716869609078330683e+01
0.000000000000000000e+00 3.700000000000000000e+01 3.815808518378216263e+01
0.000000000000000000e+00 3.800000000000000000e+01 3.914885376205811696e+01
0.000000000000000000e+00 3.900000000000000000e+01 4.014081452285376628e+01
0.000000000000000000e+00 4.000000000000000000e+01 4.113374600050705965e+01
0.000000000000000000e+00 4.100000000000000000e+01 4.212751625298435698e+01
0.000000000000000000e+00 4.200000000000000000e+01 4.312209447379061800e+01
0.000000000000000000e+00 4.300000000000000000e+01 4.411747642496347055e+01
0.000000000000000000e+00 4.400000000000000000e+01 4.511361699093341571e+01
0.000000000000000000e+00 4.500000000000000000e+01 4.611042592609545210e+01
0.000000000000000000e+00 4.600000000000000000e+01 4.710780823323648292e+01
0.000000000000000000e+00 4.700000000000000000e+01 4.810569731655631642e+01
0.000000000000000000e+00 4.800000000000000000e+01 4.910405282439931796e+01
0.000000000000000000e+00 4.900000000000000000e+01 5.010283636679498898e+01
0.000000000000000000e+00 5.000000000000000000e+01 5.110199497011971204e+01
0.000000000000000000e+00 5.100000000000000000e+01 5.210146655128353643e+01
0.000000000000000000e+00 5.200000000000000000e+01 5.310119708811199501e+01
0.000000000000000000e+00 5.300000000000000000e+01 5.410115031128550811e+01
0.000000000000000000e+00 5.400000000000000000e+01 5.510130165280755676e+01
0.000000000000000000e+00 5.500000000000000000e+01 5.610162426347217490e+01
0.000000000000000000e+00 5.600000000000000000e+01 5.710208060514042927e+01
0.000000000000000000e+00 5.700000000000000000e+01 5.810262570479626731e+01
0.000000000000000000e+00 5.800000000000000000e+01 5.910321702612276340e+01
0.000000000000000000e+00 5.900000000000000000e+01 6.010382148284429604e+01
0.000000000000000000e+00 6.000000000000000000e+01 6.110441459227037342e+01
0.000000000000000000e+00 6.100000000000000000e+01 6.210497432544326557e+01
0.000000000000000000e+00 6.200000000000000000e+01 6.310547586735570746e+01
0.000000000000000000e+00 6.300000000000000000e+01 6.410589120063544044e+01
0.000000000000000000e+00 6.400000000000000000e+01 6.510619254322907068e+01
0.000000000000000000e+00 6.500000000000000000e+01 6.610635585998652175e+01
0.000000000000000000e+00 6.600000000000000000e+01 6.710636169874122459e+01
0.000000000000000000e+00 6.700000000000000000e+01 6.810619359424906349e+01
0.000000000000000000e+00 6.800000000000000000e+01 6.910583626127930756e+01
0.000000000000000000e+00 6.900000000000000000e+01 7.010527538670088177e+01
0.000000000000000000e+00 7.000000000000000000e+01 7.110449898741931918e+01
0.000000000000000000e+00 7.100000000000000000e+01 7.210349897300619659e+01
0.000000000000000000e+00 7.200000000000000000e+01 7.310227170603879188e+01
0.000000000000000000e+00 7.300000000000000000e+01 7.410081749870450096e+01
1.000000000000000000e+00 5.000000000000000000e+00 6.636149735020678619e+00
1.000000000000000000e+00 6.000000000000000000e+00 7.726857664832672334e+00
1.000000000000000000e+00 7.000000000000000000e+00 8.803559245269170219e+00
1.000000000000000000e+00 8.000000000000000000e+00 9.872215599213285842e+00
1.000000000000000000e+00 9.000000000000000000e+00 1.093375549557886650e+01
1.000000000000000000e+00 1.000000000000000000e+01 1.198410444385268470e+01
1.000000000000000000e+00 1.100000000000000000e+01 1.301783936370393491e+01
1.000000000000000000e+00 1.200000000000000000e+01 1.403383134620665373e+01
1.000000000000000000e+00 1.300000000000000000e+01 1.503867629552826735e+01
1.000000000000000000e+00 1.400000000000000000e+01 1.604185737253278177e+01
1.000000000000000000e+00 1.500000000000000000e+01 1.704682623694796462e+01
1.000000000000000000e+00 1.600000000000000000e+01 1.804937530920770783e+01
1.000000000000000000e+00 1.700000000000000000e+01 1.904320403805314754e+01
1.000000000000000000e+00 1.800000000000000000e+01 2.002605576411748345e+01
1.000000000000000000e+00 1.900000000000000000e+01 2.100195939350262009e+01
1.000000000000000000e+00 2.000000000000000000e+01 2.197726468365577190e+01
1.000000000000000000e+00 2.100000000000000000e+01 2.295473465162403670e+01
1.000000000000000000e+00 2.200000000000000000e+01 2.393263592199908629e+01
1.000000000000000000e+00 2.300000000000000000e+01 2.490826718662913208e+01
1.000000000000000000e+00 2.400000000000000000e+01 2.588115152742932423e+01
1.000000000000000000e+00 2.500000000000000000e+01 2.685326730699457443e+01
1.000000000000000000e+00 2.600000000000000000e+01 2.782687931124564074e+01
1.000000000000000000e+00 2.700000000000000000e+01 2.880271468604292906e+01
1.000000000000000000e+00 2.800000000000000000e+01 2.978020087288353679e+01
1.000000000000000000e+00 2.900000000000000000e+01 3.075877121915638313e+01
1.000000000000000000e+00 3.000000000000000000e+01 3.173855657139119657e+01
1.000000000000000000e+00 3.100000000000000000e+01 3.272003586991633739e+01
1.000000000000000000e+00 3.200000000000000000e+01 3.370340532992789662e+01
1.000000000000000000e+00 3.300000000000000000e+01 3.468843816554496584e+01
1.000000000000000000e+00 3.400000000000000000e+01 3.567481882805291349e+01
1.000000000000000000e+00 3.500000000000000000e+01 3.666244864978607865e+01
1.000000000000000000e+00 3.600000000000000000e+01 3.765142097391669296e+01
1.000000000000000000e+00 3.700000000000000000e+01 3.864179510940729756e+01
1.000000000000000000e+00 3.800000000000000000e+01 3.963345825271437661e+01
1.000000000000000000e+00 3.900000000000000000e+01 4.062618739658003619e+01
1.000000000000000000e+00 4.000000000000000000e+01 4.161979605617980127e+01
1.000000000000000000e+00 4.100000000000000000e+01 4.261420830684325267e+01
1.000000000000000000e+00 4.200000000000000000e+01 4.360941810141414265e+01
1.000000000000000000e+00 4.300000000000000000e+01 4.460540672959790243e+01
1.000000000000000000e+00 4.400000000000000000e+01 4.560210413756937697e+01
1.000000000000000000e+00 4.500000000000000000e+01 4.659941248521815282e+01
1.000000000000000000e+00 4.600000000000000000e+01 4.759724907146159012e+01
1.000000000000000000e+00 4.700000000000000000e+01 4.859556294748328042e+01
1.000000000000000000e+00 4.800000000000000000e+01 4.959431834035426334e+01
1.000000000000000000e+00 4.900000000000000000e+01 5.059347080511034989e+01
1.000000000000000000e+00 5.000000000000000000e+01 5.159296137582455799e+01
1.000000000000000000e+00 5.100000000000000000e+01 5.259273017709538323e+01
1.000000000000000000e+00 5.200000000000000000e+01 5.359273200247069013e+01
1.000000000000000000e+00 5.300000000000000000e+01 5.459293820534126240e+01
1.000000000000000000e+00 5.400000000000000000e+01 5.559332505729916107e+01
1.000000000000000000e+00 5.500000000000000000e+01 5.659386103574408367e+01
1.000000000000000000e+00 5.600000000000000000e+01 5.759450414374602900e+01
1.000000000000000000e+00 5.700000000000000000e+01 5.859520956509214074e+01
1.000000000000000000e+00 5.800000000000000000e+01 5.959593921095894586e+01
1.000000000000000000e+00 5.900000000000000000e+01 6.059666500020730240e+01
1.000000000000000000e+00 6.000000000000000000e+01 6.159736470405782427e+01
1.000000000000000000e+00 6.100000000000000000e+01 6.259801548884371414e+01
1.000000000000000000e+00 6.200000000000000000e+01 6.359859086517707993e+01
1.000000000000000000e+00 6.300000000000000000e+01 6.459906255883760196e+01
1.000000000000000000e+00 6.400000000000000000e+01 6.559940447785736239e+01
1.000000000000000000e+00 6.500000000000000000e+01 6.659959507351562991e+01
1.000000000000000000e+00 6.600000000000000000e+01 6.759961677145606984e+01
1.000000000000000000e+00 6.700000000000000000e+01 6.859945396458374489e+01
1.000000000000000000e+00 6.800000000000000000e+01 6.959909187312858592e+01
1.000000000000000000e+00 6.900000000000000000e+01 7.059851722756563674e+01
1.000000000000000000e+00 7.000000000000000000e+01 7.159771992509479333e+01
1.000000000000000000e+00 7.100000000000000000e+01 7.259669418718604561e+01
1.000000000000000000e+00 7.200000000000000000e+01 7.359543852714784862e+01
2.000000000000000000e+00 5.000000000000000000e+00 7.075998063695067231e+00
2.000000000000000000e+00 6.000000000000000000e+00 8.169331078723120143e+00
2.000000000000000000e+00 7.000000000000000000e+00 9.250157084789281114e+00
2.000000000000000000e+00 8.000000000000000000e+00 1.032289489383525982e+01
2.000000000000000000e+00 9.000000000000000000e+00 1.138626293029261483e+01
2.000000000000000000e+00 1.000000000000000000e+01 1.243505500419192522e+01
2.000000000000000000e+00 1.100000000000000000e+01 1.346507100216573072e+01
2.000000000000000000e+00 1.200000000000000000e+01 1.447869226693931743e+01
2.000000000000000000e+00 1.300000000000000000e+01 1.548512314925325839e+01
2.000000000000000000e+00 1.400000000000000000e+01 1.649218096754873386e+01
2.000000000000000000e+00 1.500000000000000000e+01 1.749955508628312728e+01
2.000000000000000000e+00 1.600000000000000000e+01 1.850122536075323154e+01
2.000000000000000000e+00 1.700000000000000000e+01 1.949210077375773409e+01
2.000000000000000000e+00 1.800000000000000000e+01 2.047291432334966998e+01
2.000000000000000000e+00 1.900000000000000000e+01 2.144962741693325015e+01
2.000000000000000000e+00 2.000000000000000000e+01 2.242753231204962816e+01
2.000000000000000000e+00 2.100000000000000000e+01 2.340707869202976354e+01
2.000000000000000000e+00 2.200000000000000000e+01 2.438556594084010243e+01
2.000000000000000000e+00 2.300000000000000000e+01 2.536108394377401254e+01
2.000000000000000000e+00 2.400000000000000000e+01 2.633447682576416682e+01
2.000000000000000000e+00 2.500000000000000000e+01 2.730819639449114078e+01
2.000000000000000000e+00 2.600000000000000000e+01 2.828391089036463057e+01
2.000000000000000000e+00 2.700000000000000000e+01 2.926160516525647637e+01
2.000000000000000000e+00 2.800000000000000000e+01 3.024055781708384671e+01
2.000000000000000000e+00 2.900000000000000000e+01 3.122051952323420920e+01
2.000000000000000000e+00 3.000000000000000000e+01 3.220187577644998811e+01
2.000000000000000000e+00 3.100000000000000000e+01 3.318503560747406311e+01
2.000000000000000000e+00 3.200000000000000000e+01 3.416997741977903758e+01
2.000000000000000000e+00 3.300000000000000000e+01 3.515638246174947312e+01
2.000000000000000000e+00 3.400000000000000000e+01 3.614402067445871580e+01
2.000000000000000000e+00 3.500000000000000000e+01 3.713290943170676428e+01
2.000000000000000000e+00 3.600000000000000000e+01 3.812315704945722672e+01
2.000000000000000000e+00 3.700000000000000000e+01 3.911474723558974631e+01
2.000000000000000000e+00 3.800000000000000000e+01 4.010749897708191014e+01
2.000000000000000000e+00 3.900000000000000000e+01 4.110119131976886564e+01
2.000000000000000000e+00 4.000000000000000000e+01 4.209569053427997432e+01
2.000000000000000000e+00 4.100000000000000000e+01 4.309096530514428736e+01
2.000000000000000000e+00 4.200000000000000000e+01 4.408701478501904347e+01
2.000000000000000000e+00 4.300000000000000000e+01 4.508379644177036027e+01
2.000000000000000000e+00 4.400000000000000000e+01 4.608122273602424457e+01
2.000000000000000000e+00 4.500000000000000000e+01 4.707919955652406685e+01
2.000000000000000000e+00 4.600000000000000000e+01 4.807766068486736799e+01
2.000000000000000000e+00 4.700000000000000000e+01 4.907656665167223764e+01
2.000000000000000000e+00 4.800000000000000000e+01 5.007588059058830510e+01
2.000000000000000000e+00 4.900000000000000000e+01 5.107555088061763371e+01
2.000000000000000000e+00 5.000000000000000000e+01 5.207551670296689394e+01
2.000000000000000000e+00 5.100000000000000000e+01 5.307572431613633768e+01
2.000000000000000000e+00 5.200000000000000000e+01 5.407613812386698982e+01
2.000000000000000000e+00 5.300000000000000000e+01 5.507673423467449680e+01
2.000000000000000000e+00 5.400000000000000000e+01 5.607748680733960356e+01
2.000000000000000000e+00 5.500000000000000000e+01 5.707835933975947285e+01
2.000000000000000000e+00 5.600000000000000000e+01 5.807930751530039970e+01
2.000000000000000000e+00 5.700000000000000000e+01 5.908028935140308135e+01
2.000000000000000000e+00 5.800000000000000000e+01 6.008127210957065500e+01
2.000000000000000000e+00 5.900000000000000000e+01 6.108223175237770874e+01
2.000000000000000000e+00 6.000000000000000000e+01 6.208314681594978879e+01
2.000000000000000000e+00 6.100000000000000000e+01 6.308399308269702743e+01
2.000000000000000000e+00 6.200000000000000000e+01 6.408474305910327473e+01
2.000000000000000000e+00 6.300000000000000000e+01 6.508536936452081534e+01
2.000000000000000000e+00 6.400000000000000000e+01 6.608584835387074463e+01
2.000000000000000000e+00 6.500000000000000000e+01 6.708616072089375848e+01
2.000000000000000000e+00 6.600000000000000000e+01 6.808629047029796766e+01
2.000000000000000000e+00 6.700000000000000000e+01 6.908622278456360277e+01
2.000000000000000000e+00 6.800000000000000000e+01 7.008594351113345056e+01
2.000000000000000000e+00 6.900000000000000000e+01 7.108544096837395898e+01
2.000000000000000000e+00 7.000000000000000000e+01 7.208470732535221259e+01
2.000000000000000000e+00 7.100000000000000000e+01 7.308373913405709743e+01
2.000000000000000000e+00 7.200000000000000000e+01 7.408253699377269186e+01

