0.000000000000000000e+00 5.000000000000000000e+00 6.132406597091820011e+00
0.000000000000000000e+00 6.000000000000000000e+00 7.227690438497600844e+00
0.000000000000000000e+00 7.000000000000000000e+00 8.306751083344501296e+00
0.000000000000000000e+00 8.000000000000000000e+00 9.375535421858401719e+00
0.000000000000000000e+00 9.000000000000000000e+00 1.043674584033009367e+01
0.000000000000000000e+00 1.000000000000000000e+01 1.148860877486883680e+01
0.000000000000000000e+00 1.100000000000000000e+01 1.252660863500229205e+01
0.000000000000000000e+00 1.200000000000000000e+01 1.354779412203640376e+01
0.000000000000000000e+00 1.300000000000000000e+01 1.455520713570196278e+01
0.000000000000000000e+00 1.400000000000000000e+01 1.555703595873921330e+01
0.000000000000000000e+00 1.500000000000000000e+01 1.655923603010976208e+01
0.000000000000000000e+00 1.600000000000000000e+01 1.756063042906802707e+01
0.000000000000000000e+00 1.700000000000000000e+01 1.855578592285801420e+01
0.000000000000000000e+00 1.800000000000000000e+01 1.954105742352400910e+01
0.000000000000000000e+00 1.900000000000000000e+01 2.051833634262521855e+01
0.000000000000000000e+00 2.000000000000000000e+01 2.149319239466817422e+01
0.000000000000000000e+00 2.100000000000000000e+01 2.246937014965748958e+01
0.000000000000000000e+00 2.200000000000000000e+01 2.344636966750981344e+01
0.000000000000000000e+00 2.300000000000000000e+01 2.442186884425234084e+01
0.000000000000000000e+00 2.400000000000000000e+01 2.539494047362270024e+01
0.000000000000000000e+00 2.500000000000000000e+01 2.636690778056577500e+01
0.000000000000000000e+00 2.600000000000000000e+01 2.733982330366723801e+01
0.000000000000000000e+00 2.700000000000000000e+01 2.831473499578352460e+01
0.000000000000000000e+00 2.800000000000000000e+01 2.929148139402133566e+01
0.000000000000000000e+00 2.900000000000000000e+01 3.026960028690111315e+01
0.000000000000000000e+00 3.000000000000000000e+01 3.124902430962779221e+01
0.000000000000000000e+00 3.100000000000000000e+01 3.223001800766130032e+01
0.000000000000000000e+00 3.200000000000000000e+01 3.321276574220156874e+01
0.000000000000000000e+00 3.300000000000000000e+01 3.419718942150369401e+01
0.000000000000000000e+00 3.400000000000000000e+01 3.518310187512842901e+01
0.000000000000000000e+00 3.500000000000000000e+01 3.617040571909318913e+01
0.000000000000000000e+00 3.600000000000000000e+01 3.715910582829328490e+01
0.000000000000000000e+00 3.700000000000000000e+01 3.814918363889344022e+01
0.000000000000000000e+00 3.800000000000000000e+01 3.914051583145514002e+01
0.000000000000000000e+00 3.900000000000000000e+01 4.013291904801712207e+01
0.000000000000000000e+00 4.000000000000000000e+01 4.112624737749235493e+01
0.000000000000000000e+00 4.100000000000000000e+01 4.212043520000054286e+01
0.000000000000000000e+00 4.200000000000000000e+01 4.311545967416661540e+01
0.000000000000000000e+00 4.300000000000000000e+01 4.411127991754052147e+01
0.000000000000000000e+00 4.400000000000000000e+01 4.510781484460690649e+01
0.000000000000000000e+00 4.500000000000000000e+01 4.610496752426723788e+01
0.000000000000000000e+00 4.600000000000000000e+01 4.710265925840199230e+01
0.000000000000000000e+00 4.700000000000000000e+01 4.810083927522187253e+01
0.000000000000000000e+00 4.800000000000000000e+01 4.909946859466855784e+01
0.000000000000000000e+00 4.900000000000000000e+01 5.009850064634299116e+01
0.000000000000000000e+00 5.000000000000000000e+01 5.109787767466026054e+01
0.000000000000000000e+00 5.100000000000000000e+01 5.209754210439390931e+01
0.000000000000000000e+00 5.200000000000000000e+01 5.309744835556691811e+01
0.000000000000000000e+00 5.300000000000000000e+01 5.409756362860484558e+01
0.000000000000000000e+00 5.400000000000000000e+01 5.509785881139670494e+01
0.000000000000000000e+00 5.500000000000000000e+01 5.609829930907621787e+01
0.000000000000000000e+00 5.600000000000000000e+01 5.709884364127511702e+01
0.000000000000000000e+00 5.700000000000000000e+01 5.809944935256815057e+01
0.000000000000000000e+00 5.800000000000000000e+01 5.910007975762686527e+01
0.000000000000000000e+00 5.900000000000000000e+01 6.010070585654737840e+01
0.000000000000000000e+00 6.000000000000000000e+01 6.110130303122021900e+01
0.000000000000000000e+00 6.100000000000000000e+01 6.210184643023773532e+01
0.000000000000000000e+00 6.200000000000000000e+01 6.310230899773959123e+01
0.000000000000000000e+00 6.300000000000000000e+01 6.410266296217400850e+01
0.000000000000000000e+00 6.400000000000000000e+01 6.510288268353329499e+01
0.000000000000000000e+00 6.500000000000000000e+01 6.610294634484378662e+01
0.000000000000000000e+00 6.600000000000000000e+01 6.710283568213634453e+01
0.000000000000000000e+00 6.700000000000000000e+01 6.810253478962555107e+01
0.000000000000000000e+00 6.800000000000000000e+01 6.910202946735745400e+01
0.000000000000000000e+00 6.900000000000000000e+01 7.010130767055544254e+01
0.000000000000000000e+00 7.000000000000000000e+01 7.110036053258475874e+01
0.000000000000000000e+00 7.100000000000000000e+01 7.209918310665632646e+01
0.000000000000000000e+00 7.200000000000000000e+01 7.309777447353835100e+01
0.000000000000000000e+00 7.300000000000000000e+01 7.409613749715802555e+01
1.000000000000000000e+00 5.000000000000000000e+00 6.625279265260501482e+00
1.000000000000000000e+00 6.000000000000000000e+00 7.717410857101384636e+00
1.000000000000000000e+00 7.000000000000000000e+00 8.795540834137561603e+00
1.000000000000000000e+00 8.000000000000000000e+00 9.864541576958011149e+00
1.000000000000000000e+00 9.000000000000000000e+00 1.092513315081759018e+01
1.000000000000000000e+00 1.000000000000000000e+01 1.197392104464598006e+01
1.000000000000000000e+00 1.100000000000000000e+01 1.300651928038916516e+01
1.000000000000000000e+00 1.200000000000000000e+01 1.402247106385469522e+01
1.000000000000000000e+00 1.300000000000000000e+01 1.502794783251934874e+01
1.000000000000000000e+00 1.400000000000000000e+01 1.603121324237092438e+01
1.000000000000000000e+00 1.500000000000000000e+01 1.703500236147138835e+01
1.000000000000000000e+00 1.600000000000000000e+01 1.803541684998622685e+01
1.000000000000000000e+00 1.700000000000000000e+01 1.902715335610280079e+01
1.000000000000000000e+00 1.800000000000000000e+01 2.000905367104760302e+01
1.000000000000000000e+00 1.900000000000000000e+01 2.098539323484214947e+01
1.000000000000000000e+00 2.000000000000000000e+01 2.196154154724606045e+01
1.000000000000000000e+00 2.100000000000000000e+01 2.293916499904901229e+01
1.000000000000000000e+00 2.200000000000000000e+01 2.391642945705023138e+01
1.000000000000000000e+00 2.300000000000000000e+01 2.489139256426383540e+01
1.000000000000000000e+00 2.400000000000000000e+01 2.586429177314762029e+01
1.000000000000000000e+00 2.500000000000000000e+01 2.683707606766051867e+01
1.000000000000000000e+00 2.600000000000000000e+01 2.781145869283821881e+01
1.000000000000000000e+00 2.700000000000000000e+01 2.878783208346955647e+01
1.000000000000000000e+00 2.800000000000000000e+01 2.976576412941112082e+01
1.000000000000000000e+00 2.900000000000000000e+01 3.074494711660421586e+01
1.000000000000000000e+00 3.000000000000000000e+01 3.172552285109868109e+01
1.000000000000000000e+00 3.100000000000000000e+01 3.270776620630232401e+01
1.000000000000000000e+00 3.200000000000000000e+01 3.369173364376626978e+01
1.000000000000000000e+00 3.300000000000000000e+01 3.467726517622097049e+01
1.000000000000000000e+00 3.400000000000000000e+01 3.566420311574151469e+01
1.000000000000000000e+00 3.500000000000000000e+01 3.665251220262145893e+01
1.000000000000000000e+00 3.600000000000000000e+01 3.764220402437603497e+01
1.000000000000000000e+00 3.700000000000000000e+01 3.863321206251883666e+01
1.000000000000000000e+00 3.800000000000000000e+01 3.962537271534961292e+01
1.000000000000000000e+00 3.900000000000000000e+01 4.061851103529210860e+01
1.000000000000000000e+00 4.000000000000000000e+01 4.161252132777501345e+01
1.000000000000000000e+00 4.100000000000000000e+01 4.260736764114647457e+01
1.000000000000000000e+00 4.200000000000000000e+01 4.360302513684420944e+01
1.000000000000000000e+00 4.300000000000000000e+01 4.459943320003544187e+01
1.000000000000000000e+00 4.400000000000000000e+01 4.559649879983370369e+01
1.000000000000000000e+00 4.500000000000000000e+01 4.659413122110797900e+01
1.000000000000000000e+00 4.600000000000000000e+01 4.759226669165723678e+01
1.000000000000000000e+00 4.700000000000000000e+01 4.859086351781724744e+01
1.000000000000000000e+00 4.800000000000000000e+01 4.958988109422519130e+01
1.000000000000000000e+00 4.900000000000000000e+01 5.058926700700147450e+01
1.000000000000000000e+00 5.000000000000000000e+01 5.158896209804250788e+01
1.000000000000000000e+00 5.100000000000000000e+01 5.258891411674696315e+01
1.000000000000000000e+00 5.200000000000000000e+01 5.358908474076011430e+01
1.000000000000000000e+00 5.300000000000000000e+01 5.458944468986349818e+01
1.000000000000000000e+00 5.400000000000000000e+01 5.558996319479417991e+01
1.000000000000000000e+00 5.500000000000000000e+01 5.659060213723385147e+01
1.000000000000000000e+00 5.600000000000000000e+01 5.759131882565727523e+01
1.000000000000000000e+00 5.700000000000000000e+01 5.859207324504364323e+01
1.000000000000000000e+00 5.800000000000000000e+01 5.959283284450962270e+01
1.000000000000000000e+00 5.900000000000000000e+01 6.059357164743760649e+01
1.000000000000000000e+00 6.000000000000000000e+01 6.159426542531274151e+01
1.000000000000000000e+00 6.100000000000000000e+01 6.259488858359967622e+01
1.000000000000000000e+00 6.200000000000000000e+01 6.359541348832291874e+01
1.000000000000000000e+00 6.300000000000000000e+01 6.459581324615162146e+01
1.000000000000000000e+00 6.400000000000000000e+01 6.559606416498711212e+01
1.000000000000000000e+00 6.500000000000000000e+01 6.659614645030805491e+01
1.000000000000000000e+00 6.600000000000000000e+01 6.759604328034487253e+01
1.000000000000000000e+00 6.700000000000000000e+01 6.859573972752660609e+01
1.000000000000000000e+00 6.800000000000000000e+01 6.959522266179037331e+01
1.000000000000000000e+00 6.900000000000000000e+01 7.059448159652004051e+01
1.000000000000000000e+00 7.000000000000000000e+01 7.159350965420459545e+01
1.000000000000000000e+00 7.100000000000000000e+01 7.259230407448953315e+01
1.000000000000000000e+00 7.200000000000000000e+01 7.359086572779128232e+01
2.000000000000000000e+00 5.000000000000000000e+00 7.065676834127795125e+00
2.000000000000000000e+00 6.000000000000000000e+00 8.160632642664015890e+00
2.000000000000000000e+00 7.000000000000000000e+00 9.242554197600226118e+00
2.000000000000000000e+00 8.000000000000000000e+00 1.031505784545380955e+01
2.000000000000000000e+00 9.000000000000000000e+00 1.137708407601252958e+01
2.000000000000000000e+00 1.000000000000000000e+01 1.242435815794875076e+01
2.000000000000000000e+00 1.100000000000000000e+01 1.345367866395443990e+01
2.000000000000000000e+00 1.200000000000000000e+01 1.446768164788680444e+01
2.000000000000000000e+00 1.300000000000000000e+01 1.547465263313577211e+01
2.000000000000000000e+00 1.400000000000000000e+01 1.648125063518865119e+01
2.000000000000000000e+00 1.500000000000000000e+01 1.748691521111859259e+01
2.000000000000000000e+00 1.600000000000000000e+01 1.848631031074650011e+01
2.000000000000000000e+00 1.700000000000000000e+01 1.947549385070214001e+01
2.000000000000000000e+00 1.800000000000000000e+01 2.045603986380304207e+01
2.000000000000000000e+00 1.900000000000000000e+01 2.143354292331223476e+01
2.000000000000000000e+00 2.000000000000000000e+01 2.241206286669959624e+01
2.000000000000000000e+00 2.100000000000000000e+01 2.339133992881875557e+01
2.000000000000000000e+00 2.200000000000000000e+01 2.436905721320827567e+01
2.000000000000000000e+00 2.300000000000000000e+01 2.534417105565288963e+01
2.000000000000000000e+00 2.400000000000000000e+01 2.631793481316812944e+01
2.000000000000000000e+00 2.500000000000000000e+01 2.729244221071841991e+01
2.000000000000000000e+00 2.600000000000000000e+01 2.826882830861508111e+01
2.000000000000000000e+00 2.700000000000000000e+01 2.924698077477967217e+01
2.000000000000000000e+00 2.800000000000000000e+01 3.022643586923212311e+01
2.000000000000000000e+00 2.900000000000000000e+01 3.120711146466574348e+01
2.000000000000000000e+00 3.000000000000000000e+01 3.218927389200668188e+01
2.000000000000000000e+00 3.100000000000000000e+01 3.317312401025022695e+01
2.000000000000000000e+00 3.200000000000000000e+01 3.415859781217518787e+01
2.000000000000000000e+00 3.300000000000000000e+01 3.514551167244795238e+01
2.000000000000000000e+00 3.400000000000000000e+01 3.613376685493837925e+01
2.000000000000000000e+00 3.500000000000000000e+01 3.712337013894013182e+01
2.000000000000000000e+00 3.600000000000000000e+01 3.811430935710195200e+01
2.000000000000000000e+00 3.700000000000000000e+01 3.910646754594718999e+01
2.000000000000000000e+00 3.800000000000000000e+01 4.009966401883421838e+01
2.000000000000000000e+00 3.900000000000000000e+01 4.109375256621392225e+01
2.000000000000000000e+00 4.000000000000000000e+01 4.208866739549259961e+01
2.000000000000000000e+00 4.100000000000000000e+01 4.308438748600689649e+01
2.000000000000000000e+00 4.200000000000000000e+01 4.408087510822110744e+01
2.000000000000000000e+00 4.300000000000000000e+01 4.507805191390308153e+01
2.000000000000000000e+00 4.400000000000000000e+01 4.607582240303305099e+01
2.000000000000000000e+00 4.500000000000000000e+01 4.707410847564625556e+01
2.000000000000000000e+00 4.600000000000000000e+01 4.807286008692430812e+01
2.000000000000000000e+00 4.700000000000000000e+01 4.907203954714658067e+01
2.000000000000000000e+00 4.800000000000000000e+01 5.007160183718443847e+01
2.000000000000000000e+00 4.900000000000000000e+01 5.107149048668539848e+01
2.000000000000000000e+00 5.000000000000000000e+01 5.207164874106872077e+01
2.000000000000000000e+00 5.100000000000000000e+01 5.307203160119237850e+01
2.000000000000000000e+00 5.200000000000000000e+01 5.407260694669961509e+01
2.000000000000000000e+00 5.300000000000000000e+01 5.507334656934521178e+01
2.000000000000000000e+00 5.400000000000000000e+01 5.607421686044018827e+01
2.000000000000000000e+00 5.500000000000000000e+01 5.707517718707260457e+01
2.000000000000000000e+00 5.600000000000000000e+01 5.807618570795251145e+01
2.000000000000000000e+00 5.700000000000000000e+01 5.907720620223410180e+01
2.000000000000000000e+00 5.800000000000000000e+01 6.007821013119963993e+01
2.000000000000000000e+00 5.900000000000000000e+01 6.107917341627344143e+01
2.000000000000000000e+00 6.000000000000000000e+01 6.208007179455914581e+01
2.000000000000000000e+00 6.100000000000000000e+01 6.308087876387657644e+01
2.000000000000000000e+00 6.200000000000000000e+01 6.408156701716828252e+01
2.000000000000000000e+00 6.300000000000000000e+01 6.508211129776437076e+01
2.000000000000000000e+00 6.400000000000000000e+01 6.608249013707322206e+01
2.000000000000000000e+00 6.500000000000000000e+01 6.708268562019475212e+01
2.000000000000000000e+00 6.600000000000000000e+01 6.808268219392832066e+01
2.000000000000000000e+00 6.700000000000000000e+01 6.908246599304280267e+01
2.000000000000000000e+00 6.800000000000000000e+01 7.008202527269533277e+01
2.000000000000000000e+00 6.900000000000000000e+01 7.108135143110919785e+01
2.000000000000000000e+00 7.000000000000000000e+01 7.208043976489386750e+01
2.000000000000000000e+00 7.100000000000000000e+01 7.307928958883236703e+01
2.000000000000000000e+00 7.200000000000000000e+01 7.407790399378424695e+01

