# l    n         freq
 0    02       2.9572
 0    03       4.1010
 0    04       5.0627
 0    05       6.0289
 0    06       6.9871
 0    07       7.9927
 0    08       9.0243
 0    09      10.0508
 0    10      11.1107
 0    11      12.1603
 0    12      13.2279
 0    13      14.2778
 0    14      15.3033
 0    15      16.2658
 0    16      17.1398
 0    17      18.0143
 0    18      18.9794
 0    19      20.0013
 0    20      21.0451
 1    02       3.6624
 1    03       4.6800
 1    04       5.5842
 1    05       6.5705
 1    06       7.5223
 1    07       8.5644
 1    08       9.5793
 1    09      10.6308
 1    10      11.6879
 1    11      12.7315
 1    12      13.8090
 1    13      14.8493
 1    14      15.8482
 1    15      16.7600
 1    16      17.6181
 1    17      18.5436
 1    18      19.5483
 1    19      20.5872
 1    20      21.6352
 2    02       3.9104
 2    03       4.9181
 2    04       5.8702
 2    05       6.8500
 2    06       7.8449
 2    07       8.8900
 2    08       9.9178
 2    09      10.9829
 2    10      12.0398
 2    11      13.1111
 2    12      14.1675
 2    13      15.2009
 2    14      16.1754
 2    15      17.0589
 2    16      17.9300
 2    17      18.8901
 2    18      19.9119
 2    19      20.9577
 2    20      22.0049
