0.000000000000000000e+00 5.000000000000000000e+00 6.164579365806718059e+00
0.000000000000000000e+00 6.000000000000000000e+00 7.266494391622644322e+00
0.000000000000000000e+00 7.000000000000000000e+00 8.350860295552271495e+00
0.000000000000000000e+00 8.000000000000000000e+00 9.424015284480200094e+00
0.000000000000000000e+00 9.000000000000000000e+00 1.049047878345357887e+01
0.000000000000000000e+00 1.000000000000000000e+01 1.155022023718338886e+01
0.000000000000000000e+00 1.100000000000000000e+01 1.259853031805092982e+01
0.000000000000000000e+00 1.200000000000000000e+01 1.362931433374516921e+01
0.000000000000000000e+00 1.300000000000000000e+01 1.464116009095511295e+01
0.000000000000000000e+00 1.400000000000000000e+01 1.564172806951516215e+01
0.000000000000000000e+00 1.500000000000000000e+01 1.664211682898918454e+01
0.000000000000000000e+00 1.600000000000000000e+01 1.764577852843383354e+01
0.000000000000000000e+00 1.700000000000000000e+01 1.864678691014035294e+01
0.000000000000000000e+00 1.800000000000000000e+01 1.963716580698796221e+01
0.000000000000000000e+00 1.900000000000000000e+01 2.061494470083722419e+01
0.000000000000000000e+00 2.000000000000000000e+01 2.158657682338279571e+01
0.000000000000000000e+00 2.100000000000000000e+01 2.256003172101416965e+01
0.000000000000000000e+00 2.200000000000000000e+01 2.353686766537965269e+01
0.000000000000000000e+00 2.300000000000000000e+01 2.451311641208857850e+01
0.000000000000000000e+00 2.400000000000000000e+01 2.548518018946733221e+01
0.000000000000000000e+00 2.500000000000000000e+01 2.645357100392991256e+01
0.000000000000000000e+00 2.600000000000000000e+01 2.742186049669676251e+01
0.000000000000000000e+00 2.700000000000000000e+01 2.839287583229079459e+01
0.000000000000000000e+00 2.800000000000000000e+01 2.936672480404414998e+01
0.000000000000000000e+00 2.900000000000000000e+01 3.034204241243158506e+01
0.000000000000000000e+00 3.000000000000000000e+01 3.131801072674505448e+01
0.000000000000000000e+00 3.100000000000000000e+01 3.229500641638526304e+01
0.000000000000000000e+00 3.200000000000000000e+01 3.327383079388239651e+01
0.000000000000000000e+00 3.300000000000000000e+01 3.425479711700789665e+01
0.000000000000000000e+00 3.400000000000000000e+01 3.523763549940780138e+01
0.000000000000000000e+00 3.500000000000000000e+01 3.622199331308172532e+01
0.000000000000000000e+00 3.600000000000000000e+01 3.720778641175521528e+01
0.000000000000000000e+00 3.700000000000000000e+01 3.819509346850799858e+01
0.000000000000000000e+00 3.800000000000000000e+01 3.918387915943314681e+01
0.000000000000000000e+00 3.900000000000000000e+01 4.017392311387263959e+01
0.000000000000000000e+00 4.000000000000000000e+01 4.116498786808680421e+01
0.000000000000000000e+00 4.100000000000000000e+01 4.215698364996772085e+01
0.000000000000000000e+00 4.200000000000000000e+01 4.314995017089900387e+01
0.000000000000000000e+00 4.300000000000000000e+01 4.414391134701565989e+01
0.000000000000000000e+00 4.400000000000000000e+01 4.513877829388894725e+01
0.000000000000000000e+00 4.500000000000000000e+01 4.613438633574344294e+01
0.000000000000000000e+00 4.600000000000000000e+01 4.713059892605811996e+01
0.000000000000000000e+00 4.700000000000000000e+01 4.812736382390749412e+01
0.000000000000000000e+00 4.800000000000000000e+01 4.912468071872839914e+01
0.000000000000000000e+00 4.900000000000000000e+01 5.012253258550247637e+01
0.000000000000000000e+00 5.000000000000000000e+01 5.112085387026279193e+01
0.000000000000000000e+00 5.100000000000000000e+01 5.211955612471524546e+01
0.000000000000000000e+00 5.200000000000000000e+01 5.311857318728361577e+01
0.000000000000000000e+00 5.300000000000000000e+01 5.411787857312589267e+01
0.000000000000000000e+00 5.400000000000000000e+01 5.511746376684730819e+01
0.000000000000000000e+00 5.500000000000000000e+01 5.611730461772798151e+01
0.000000000000000000e+00 5.600000000000000000e+01 5.711734888657797171e+01
0.000000000000000000e+00 5.700000000000000000e+01 5.811753280963307589e+01
0.000000000000000000e+00 5.800000000000000000e+01 5.911780719951460839e+01
0.000000000000000000e+00 5.900000000000000000e+01 6.011814860892889101e+01
0.000000000000000000e+00 6.000000000000000000e+01 6.111854828586282196e+01
0.000000000000000000e+00 6.100000000000000000e+01 6.211899192884851573e+01
0.000000000000000000e+00 6.200000000000000000e+01 6.311944866846240387e+01
0.000000000000000000e+00 6.300000000000000000e+01 6.411987650236386571e+01
0.000000000000000000e+00 6.400000000000000000e+01 6.512023644013939361e+01
0.000000000000000000e+00 6.500000000000000000e+01 6.612050218273691371e+01
0.000000000000000000e+00 6.600000000000000000e+01 6.712065871079001056e+01
0.000000000000000000e+00 6.700000000000000000e+01 6.812069363821677825e+01
0.000000000000000000e+00 6.800000000000000000e+01 6.912059010348040999e+01
0.000000000000000000e+00 6.900000000000000000e+01 7.012032657645718814e+01
0.000000000000000000e+00 7.000000000000000000e+01 7.111988201805188226e+01
0.000000000000000000e+00 7.100000000000000000e+01 7.211924092924482466e+01
0.000000000000000000e+00 7.200000000000000000e+01 7.311839441419722618e+01
0.000000000000000000e+00 7.300000000000000000e+01 7.411733773335311071e+01
1.000000000000000000e+00 5.000000000000000000e+00 6.660568620300209908e+00
1.000000000000000000e+00 6.000000000000000000e+00 7.758822739169199956e+00
1.000000000000000000e+00 7.000000000000000000e+00 8.841696268284485072e+00
1.000000000000000000e+00 8.000000000000000000e+00 9.915216147045818218e+00
1.000000000000000000e+00 9.000000000000000000e+00 1.098215591076998443e+01
1.000000000000000000e+00 1.000000000000000000e+01 1.204018011056599313e+01
1.000000000000000000e+00 1.100000000000000000e+01 1.308334784094096825e+01
1.000000000000000000e+00 1.200000000000000000e+01 1.410694562352366610e+01
1.000000000000000000e+00 1.300000000000000000e+01 1.511381493333250070e+01
1.000000000000000000e+00 1.400000000000000000e+01 1.611474994555426932e+01
1.000000000000000000e+00 1.500000000000000000e+01 1.711836285053641760e+01
1.000000000000000000e+00 1.600000000000000000e+01 1.812312624276195550e+01
1.000000000000000000e+00 1.700000000000000000e+01 1.912100228668892399e+01
1.000000000000000000e+00 1.800000000000000000e+01 2.010606183516966183e+01
1.000000000000000000e+00 1.900000000000000000e+01 2.108067272354675481e+01
1.000000000000000000e+00 2.000000000000000000e+01 2.205332365669951855e+01
1.000000000000000000e+00 2.100000000000000000e+01 2.302945358657756714e+01
1.000000000000000000e+00 2.200000000000000000e+01 2.400734267264171962e+01
1.000000000000000000e+00 2.300000000000000000e+01 2.498247378897218951e+01
1.000000000000000000e+00 2.400000000000000000e+01 2.595305159463324429e+01
1.000000000000000000e+00 2.500000000000000000e+01 2.692147816040557018e+01
1.000000000000000000e+00 2.600000000000000000e+01 2.789143610395838380e+01
1.000000000000000000e+00 2.700000000000000000e+01 2.886446049509775946e+01
1.000000000000000000e+00 2.800000000000000000e+01 2.983967142616756973e+01
1.000000000000000000e+00 2.900000000000000000e+01 3.081577593637996060e+01
1.000000000000000000e+00 3.000000000000000000e+01 3.179256603296037298e+01
1.000000000000000000e+00 3.100000000000000000e+01 3.277076712323189867e+01
1.000000000000000000e+00 3.200000000000000000e+01 3.375101817361963441e+01
1.000000000000000000e+00 3.300000000000000000e+01 3.473330819473551401e+01
1.000000000000000000e+00 3.400000000000000000e+01 3.571725912867746189e+01
1.000000000000000000e+00 3.500000000000000000e+01 3.670263578386786207e+01
1.000000000000000000e+00 3.600000000000000000e+01 3.768946926949260501e+01
1.000000000000000000e+00 3.700000000000000000e+01 3.867781139999945594e+01
1.000000000000000000e+00 3.800000000000000000e+01 3.966752744300973177e+01
1.000000000000000000e+00 3.900000000000000000e+01 4.065836196788406909e+01
1.000000000000000000e+00 4.000000000000000000e+01 4.165013959096427243e+01
1.000000000000000000e+00 4.100000000000000000e+01 4.264284858558885816e+01
1.000000000000000000e+00 4.200000000000000000e+01 4.363654074425247131e+01
1.000000000000000000e+00 4.300000000000000000e+01 4.463118919632180592e+01
1.000000000000000000e+00 4.400000000000000000e+01 4.562665677128116215e+01
1.000000000000000000e+00 4.500000000000000000e+01 4.662278074978120657e+01
1.000000000000000000e+00 4.600000000000000000e+01 4.761946516592666256e+01
1.000000000000000000e+00 4.700000000000000000e+01 4.861669194109886405e+01
1.000000000000000000e+00 4.800000000000000000e+01 4.961446062614894004e+01
1.000000000000000000e+00 4.900000000000000000e+01 5.061273081104414473e+01
1.000000000000000000e+00 5.000000000000000000e+01 5.161142031881016123e+01
1.000000000000000000e+00 5.100000000000000000e+01 5.261044721056149598e+01
1.000000000000000000e+00 5.200000000000000000e+01 5.360976567132213688e+01
1.000000000000000000e+00 5.300000000000000000e+01 5.460936270881344257e+01
1.000000000000000000e+00 5.400000000000000000e+01 5.560922586535436807e+01
1.000000000000000000e+00 5.500000000000000000e+01 5.660931697521305495e+01
1.000000000000000000e+00 5.600000000000000000e+01 5.760957503737326135e+01
1.000000000000000000e+00 5.700000000000000000e+01 5.860994089194417711e+01
1.000000000000000000e+00 5.800000000000000000e+01 5.961037832130342906e+01
1.000000000000000000e+00 5.900000000000000000e+01 6.061087373647380616e+01
1.000000000000000000e+00 6.000000000000000000e+01 6.161141816371992519e+01
1.000000000000000000e+00 6.100000000000000000e+01 6.261198964366867870e+01
1.000000000000000000e+00 6.200000000000000000e+01 6.361255044828982363e+01
1.000000000000000000e+00 6.300000000000000000e+01 6.461305843887703304e+01
1.000000000000000000e+00 6.400000000000000000e+01 6.561348047950383489e+01
1.000000000000000000e+00 6.500000000000000000e+01 6.661379678999593068e+01
1.000000000000000000e+00 6.600000000000000000e+01 6.761399497034020101e+01
1.000000000000000000e+00 6.700000000000000000e+01 6.861406105616336504e+01
1.000000000000000000e+00 6.800000000000000000e+01 6.961397558189263179e+01
1.000000000000000000e+00 6.900000000000000000e+01 7.061371659820670743e+01
1.000000000000000000e+00 7.000000000000000000e+01 7.161326548047198060e+01
1.000000000000000000e+00 7.100000000000000000e+01 7.261261023690666150e+01
1.000000000000000000e+00 7.200000000000000000e+01 7.361174452814233859e+01
1.000000000000000000e+00 7.300000000000000000e+01 7.461066465388370261e+01
2.000000000000000000e+00 5.000000000000000000e+00 7.103642028129126373e+00
2.000000000000000000e+00 6.000000000000000000e+00 8.204178239687371033e+00
2.000000000000000000e+00 7.000000000000000000e+00 9.290546577349857671e+00
2.000000000000000000e+00 8.000000000000000000e+00 1.036812877353397333e+01
2.000000000000000000e+00 9.000000000000000000e+00 1.143778106009304452e+01
2.000000000000000000e+00 1.000000000000000000e+01 1.249531088853386152e+01
2.000000000000000000e+00 1.100000000000000000e+01 1.353458308317623171e+01
2.000000000000000000e+00 1.200000000000000000e+01 1.455362014759205103e+01
2.000000000000000000e+00 1.300000000000000000e+01 1.555962604834500596e+01
2.000000000000000000e+00 1.400000000000000000e+01 1.656419010507943668e+01
2.000000000000000000e+00 1.500000000000000000e+01 1.757175612902202744e+01
2.000000000000000000e+00 1.600000000000000000e+01 1.857688649173515927e+01
2.000000000000000000e+00 1.700000000000000000e+01 1.957140336970744698e+01
2.000000000000000000e+00 1.800000000000000000e+01 2.055277581438377510e+01
2.000000000000000000e+00 1.900000000000000000e+01 2.152714206497769567e+01
2.000000000000000000e+00 2.000000000000000000e+01 2.250278602021363739e+01
2.000000000000000000e+00 2.100000000000000000e+01 2.348176035762811154e+01
2.000000000000000000e+00 2.200000000000000000e+01 2.446024892101659631e+01
2.000000000000000000e+00 2.300000000000000000e+01 2.543448428991667853e+01
2.000000000000000000e+00 2.400000000000000000e+01 2.640476350052691146e+01
2.000000000000000000e+00 2.500000000000000000e+01 2.737462777447627715e+01
2.000000000000000000e+00 2.600000000000000000e+01 2.834704736703194783e+01
2.000000000000000000e+00 2.700000000000000000e+01 2.932226135685549551e+01
2.000000000000000000e+00 2.800000000000000000e+01 3.029892339576534255e+01
2.000000000000000000e+00 2.900000000000000000e+01 3.127616609984580620e+01
2.000000000000000000e+00 3.000000000000000000e+01 3.225433168382941318e+01
2.000000000000000000e+00 3.100000000000000000e+01 3.323423529669826593e+01
2.000000000000000000e+00 3.200000000000000000e+01 3.421622496388079071e+01
2.000000000000000000e+00 3.300000000000000000e+01 3.520004927399672567e+01
2.000000000000000000e+00 3.400000000000000000e+01 3.618535196623689387e+01
2.000000000000000000e+00 3.500000000000000000e+01 3.717204145371788115e+01
2.000000000000000000e+00 3.600000000000000000e+01 3.816019927995355943e+01
2.000000000000000000e+00 3.700000000000000000e+01 3.914980019811828527e+01
2.000000000000000000e+00 3.800000000000000000e+01 4.014063038706192543e+01
2.000000000000000000e+00 3.900000000000000000e+01 4.113245132310105134e+01
2.000000000000000000e+00 4.000000000000000000e+01 4.212516960040631631e+01
2.000000000000000000e+00 4.100000000000000000e+01 4.311882508110836909e+01
2.000000000000000000e+00 4.200000000000000000e+01 4.411344641219225338e+01
2.000000000000000000e+00 4.300000000000000000e+01 4.510894993332679803e+01
2.000000000000000000e+00 4.400000000000000000e+01 4.610517307332555959e+01
2.000000000000000000e+00 4.500000000000000000e+01 4.710197846329122484e+01
2.000000000000000000e+00 4.600000000000000000e+01 4.809931285930872491e+01
2.000000000000000000e+00 4.700000000000000000e+01 4.909717682324832566e+01
2.000000000000000000e+00 4.800000000000000000e+01 5.009555575952211370e+01
2.000000000000000000e+00 4.900000000000000000e+01 5.109438637175460229e+01
2.000000000000000000e+00 5.000000000000000000e+01 5.209358113689230407e+01
2.000000000000000000e+00 5.100000000000000000e+01 5.309307380617395467e+01
2.000000000000000000e+00 5.200000000000000000e+01 5.409283792873343089e+01
2.000000000000000000e+00 5.300000000000000000e+01 5.509286586732235236e+01
2.000000000000000000e+00 5.400000000000000000e+01 5.609313494594573513e+01
2.000000000000000000e+00 5.500000000000000000e+01 5.709359421317032002e+01
2.000000000000000000e+00 5.600000000000000000e+01 5.809418049894094338e+01
2.000000000000000000e+00 5.700000000000000000e+01 5.909484467222639381e+01
2.000000000000000000e+00 5.800000000000000000e+01 6.009556335981648800e+01
2.000000000000000000e+00 5.900000000000000000e+01 6.109632830465561426e+01
2.000000000000000000e+00 6.000000000000000000e+01 6.209712606802843027e+01
2.000000000000000000e+00 6.100000000000000000e+01 6.309792664414889884e+01
2.000000000000000000e+00 6.200000000000000000e+01 6.409868858569126360e+01
2.000000000000000000e+00 6.300000000000000000e+01 6.509937313428312677e+01
2.000000000000000000e+00 6.400000000000000000e+01 6.609995412275064552e+01
2.000000000000000000e+00 6.500000000000000000e+01 6.710041678755102623e+01
2.000000000000000000e+00 6.600000000000000000e+01 6.810074917111964510e+01
2.000000000000000000e+00 6.700000000000000000e+01 6.910093489418491686e+01
2.000000000000000000e+00 6.800000000000000000e+01 7.010095281840055748e+01
2.000000000000000000e+00 6.900000000000000000e+01 7.110078215934414914e+01
2.000000000000000000e+00 7.000000000000000000e+01 7.210040759607103666e+01
2.000000000000000000e+00 7.100000000000000000e+01 7.309982042365945176e+01
2.000000000000000000e+00 7.200000000000000000e+01 7.409901614206890486e+01

